[[0,60649,910783,940981,895171,875775,854153,890081,884569,906980,902510,890930,896314,893830,891634,880571,896924,897957,883084,902799,891931,885402,896359,887298,905029,886814,766472,892181,894616,896658,891365,904453,903193,918807,952581,929436,777272,767040,928338,902054,902040,765978,909481,685457,901741,915075,821372,902150,899882,919850,923081,887684,907512,921465,905957,920449,905378,922828,908044,890107,914637,892302,923158,909867,920652,894299,899229,909792,917674,895687,901150,897080,914552,955548,917913,924693,918573,907683,917917,915217,915390,917880,915540,913590,912690,911790,903525,907935,899925,897945,906180,903435,903435,768420,897945,903435,908100,911790,903825,844905,831765,844260,836010,789960,780555,835980,833280,835755,833475,826530,823380,825870,776370,814380],[60649,0,928140,955665,889995,868815,847245,881940,878130,897135,894375,881085,883905,882975,877425,865185,883005,881205,867735,887460,876585,868650,879405,867780,888075,865950,747915,871080,872085,874125,867735,880455,879195,891015,924285,901140,747915,738735,901140,873750,873750,738525,880245,656100,873750,886785,790215,870300,868725,886575,889395,855750,872895,887475,869400,884730,868605,882930,867705,848085,871260,847185,877785,864750,875535,849450,852585,861375,869445,845355,850785,846750,862455,901890,864255,871035,864915,854025,864255,861555,858705,861195,858855,856905,856005,855105,846840,851250,843240,841260,849495,846750,846750,711735,841260,846750,851415,855105,847140,788220,775080,787575,779325,733275,723870,779295,776595,779070,776790,769845,766695,769185,719685,757695],[910783,928140,0,103526,92654,130792,145991,117164,104207,131015,105520,141443,132525,109166,142714,153233,121001,144327,129157,115983,124530,162021,105288,145273,92113,151891,285431,121989,127352,117772,151120,119465,124029,137064,137647,113458,285431,260022,84162,133037,156363,245957,141165,338968,141990,153312,257231,187097,115999,122915,132490,124073,144970,113702,193076,98535,156003,116113,163454,168141,127931,163519,135272,126948,123230,131975,127342,141054,113619,142718,135541,155548,162288,119246,154103,112551,149984,161135,131273,118421,136493,135905,137619,140517,138241,135675,177884,139621,156657,144662,142901,138459,134070,291276,138084,162866,162433,163748,166582,832874,831910,847246,840823,809634,777524,839280,835634,851247,854610,852737,855061,860579,830147,859512],[940981,955665,103526,0,113906,162544,130279,153024,119269,127237,94386,153035,149253,113235,159488,165647,147658,150288,114095,145848,143952,148301,133256,156055,118633,158263,356686,128827,147762,118454,166422,148749,153379,156308,74542,123824,356686,264709,99170,175169,139744,250642,146372,410995,155678,135032,331306,270855,122909,137588,143648,149592,156777,149355,242954,113415,162213,140170,194583,186033,157571,165138,156421,151217,153072,149706,150429,166473,132457,151245,149438,185461,164614,106560,158672,135897,163083,174690,147505,160105,152391,149743,152466,154674,153826,174382,177598,177209,193466,154557,161517,149759,149040,274883,161378,145102,174632,158070,192796,812651,807852,823847,817125,797027,757537,808942,814837,821292,831459,821717,831360,830385,814614,829542],[895171,889995,92654,113906,0,58493,84485,44152,22651,74976,35832,62525,58833,46780,70775,75171,45671,66165,48695,50683,43491,80386,26583,71872,23173,72187,268666,56101,45517,49693,77174,44564,47826,93198,108654,97017,269026,197242,64213,92788,82269,174224,64718,322585,75111,97524,243218,179670,53531,91694,81698,42987,66150,72858,155621,41495,72512,63253,109250,97130,57737,80427,86499,67438,64278,48060,43256,63183,34078,79620,78198,82787,81366,128447,73591,45731,86905,82632,72253,85488,74758,72268,74964,77142,76506,91160,111915,94182,117471,75381,83668,69178,74059,217465,72609,91367,99354,109572,161676,843979,839979,855809,849256,813707,788629,849209,846739,861168,863525,862199,863496,870439,833117,869377],[875775,868815,130792,162544,58493,0,91825,25744,56525,119138,82674,83155,100387,73667,83872,76609,35518,94471,71272,41603,48194,94748,59968,97292,68655,89717,262046,67595,49082,81705,83442,51105,47521,120211,150836,111599,262046,170299,106045,91037,119790,169650,113995,314079,69963,140719,236656,204305,87173,123240,122818,53292,106604,62686,182024,95577,107349,73967,151998,86049,62261,50131,125672,90471,66451,64713,64501,56731,86278,84688,80482,40607,130665,179457,121477,88515,87860,104090,114039,123009,110859,114699,112245,112323,112427,98921,150058,103611,109091,100135,122775,103704,109803,211478,107921,125726,101136,146715,155976,867122,860238,875948,869377,829572,811574,870742,869684,882585,883470,883256,883081,891196,848086,889774],[854153,847245,145991,130279,84485,91825,0,106740,71026,122608,78525,107406,114578,83271,114589,96878,112290,118002,55483,122154,98869,95956,96943,101224,99983,99826,240569,81432,101955,82987,114516,120107,120712,154283,154550,149300,240569,164406,128426,146024,122374,149753,123684,295661,130012,139103,215189,215902,88573,147526,142073,86323,126647,144595,197037,110293,125864,134834,162992,118366,130843,103256,147750,123006,136636,86782,95022,126342,111447,89281,97821,118896,132420,159934,133031,121508,146195,126852,127904,125676,125540,127706,127645,127791,126975,132316,134066,136366,153342,120245,139480,126071,121718,178590,120509,130161,157739,155892,219493,887674,877232,893062,886508,842832,832024,888920,889954,901233,900658,898890,895740,898230,848730,886740],[890081,881940,117164,153024,44152,25744,106740,0,45653,106225,68125,70245,83962,62731,72261,84431,22420,83260,73151,30290,31330,96972,44056,95967,55179,89067,273644,56496,32436,70220,79248,34446,33638,107432,139691,103106,273644,187778,95241,81456,108669,186274,97352,325890,61178,128595,248664,194020,73825,109617,106736,58089,92201,49449,172947,79631,92565,61570,138147,95806,43764,62132,109952,78652,50039,69902,61703,43480,69930,94488,81272,50099,114161,165724,105486,74325,79075,91215,99588,109002,96408,100248,97794,97868,97976,86998,133691,91688,99255,91522,108324,92900,98999,227034,94731,113645,92351,133376,144783,852752,847738,863448,856835,819837,797154,857257,855264,869216,871096,870155,870915,878095,838727,876673],[884569,878130,104207,119269,22651,56525,71026,45653,0,85682,48678,62476,68126,51674,69879,67824,54012,74406,36409,63834,34783,69718,32629,61196,37499,62753,257566,49823,39251,52791,71109,58189,61269,107671,118664,107008,257926,187522,74935,97532,86551,164428,76970,311889,79854,107965,230538,178064,54897,105272,96248,36808,81096,87316,156155,47399,82457,73718,113869,90957,70917,73725,101574,75919,77251,36919,36606,67952,48716,71901,70257,75954,85676,134141,87469,60705,96937,80640,85835,93087,83591,85943,85837,85975,85339,89948,104177,94240,113728,69593,97343,74380,76871,207338,61682,96045,109381,120178,171721,854053,848591,864421,857868,820108,798703,858552,856813,870511,872137,871542,872108,879782,839518,878720],[906980,897135,131015,127237,74976,119138,122608,106225,85682,0,71190,48580,39605,76199,55016,66360,105035,44718,97708,101066,109436,45588,89554,60505,80767,69406,310477,98362,115024,87225,61220,107938,107119,66420,91200,96545,309757,211652,78099,121465,80229,191501,52003,366623,103788,48179,285723,227299,95196,81704,58417,107870,63460,116685,195070,87444,61297,115543,104160,84668,115437,115442,51532,77334,113280,111012,109911,120566,90964,115895,107001,138484,73738,117430,72895,90618,110604,81915,85099,106593,89039,85843,87223,88669,89441,134177,97340,136747,142845,97690,98783,92519,99136,210146,120960,85928,121253,95478,168952,842910,825030,841044,834371,814820,786960,844416,845012,856497,849266,857122,849965,865112,832428,863692],[902510,894375,105520,94386,35832,82674,78525,68125,48678,71190,0,64806,65257,31084,75061,77098,65662,68094,40309,62992,71607,84642,46012,83417,36202,79867,291254,41217,71847,35616,80842,66772,66134,87839,103704,104438,291254,211253,78543,117227,88551,194210,63842,341045,99550,90469,265643,203939,47609,88426,76023,70946,72071,82685,180582,59793,76106,76465,118028,101916,74758,105765,81623,72105,74619,74691,70026,80882,54239,66986,65085,100199,89827,128386,79089,52686,106955,87336,74032,95592,77991,75343,78100,80276,79426,117650,121982,120415,139876,96615,88058,90949,96698,221570,97900,96173,118504,106160,171976,841175,834675,850412,843799,812405,785575,840273,843685,852232,858058,853584,858186,862224,831280,861526],[890930,881085,141443,153035,62525,83155,107406,70245,62476,48580,64806,0,32426,59131,17602,30863,78086,24897,70413,84865,84417,35685,62191,44874,70641,34997,292247,60744,85084,70664,25914,87863,84834,62384,122526,131430,291887,217577,113904,136698,90033,197831,43347,338047,119020,80481,268050,213680,74070,99076,51579,74584,38998,108383,195187,97244,35652,110360,93902,52124,98248,109858,58377,62939,104035,85390,78778,92413,87575,90436,80952,100873,64339,149969,52980,88691,134303,41881,79185,95185,75489,78765,76209,76475,75927,138322,85736,142014,149363,103506,87931,108013,114630,210353,107968,95242,144947,124095,194699,856620,841280,857350,850913,823180,800670,858353,858420,869780,865522,870831,866009,878997,840938,877577],[896314,883905,132525,149253,58833,100387,114578,83962,68126,39605,65257,32426,0,53252,40963,38524,82801,27657,73329,93673,84315,48188,62123,33741,67910,39629,288662,75544,87047,59372,43994,86237,88300,73756,115754,117325,287942,214297,100739,122413,83751,194132,35530,336281,104736,75055,263645,204021,65570,100156,51742,79086,42041,114106,183928,89376,37582,107019,72375,70766,96429,115606,46169,59013,104416,88255,81156,96829,79203,86667,84633,114592,52408,134093,51243,85556,120086,53523,71557,87974,69295,70081,70683,70581,69457,119098,78611,122805,142821,99026,83411,94887,101444,211918,98509,89553,130730,118024,187082,850722,834679,850340,843787,819013,795083,852501,853193,864587,858928,865212,859627,873202,836692,871782],[893830,882975,109166,113235,46780,73667,83271,62731,51674,76199,31084,59131,53252,0,63337,71219,58529,57844,41350,67122,70240,79833,40450,71932,51511,75525,274165,31472,72323,21993,68899,70087,67091,94383,112389,105149,273805,194635,80081,103121,80083,178307,79047,325796,85443,99078,247181,185737,27442,90205,87806,62101,74441,89586,164280,78188,71816,90901,108687,90174,81339,98141,81944,50928,86048,73532,65705,74009,68506,52153,43810,90831,93580,138617,87481,70959,101626,81503,73443,87988,70147,73987,71392,71538,71582,106609,116954,110601,123632,79606,84370,76858,82607,210008,86867,87576,113170,113820,166474,848629,841109,856862,850309,816762,793142,847666,851252,860098,864733,861397,864706,870037,835227,869339],[891634,877425,142714,159488,70775,83872,114589,72261,69879,55016,75061,17602,40963,63337,0,34864,79751,28757,73024,80201,87720,40601,65667,50137,73959,40549,284251,53906,88526,75069,22548,91740,88030,52840,124980,132213,283891,216954,114891,137621,92692,197087,51359,336282,119943,84957,260045,207051,78724,90562,58395,76248,43958,101276,188114,100725,42060,113925,101231,37340,99371,108912,65568,61378,105539,87070,80218,95825,91035,93214,79425,97998,71443,153283,61911,92049,135226,43818,84177,97577,80463,83757,81201,81467,80919,141113,94052,144805,150337,103888,93163,109000,115617,211413,110671,97901,145870,115254,184222,854920,839372,855442,849005,821160,798970,856569,856720,868034,863922,868897,864121,877143,838778,875723],[880571,865185,153233,165647,75171,76609,96878,84431,67824,66360,77098,30863,38524,71219,34864,0,85656,34041,58009,92006,86786,31182,67110,37194,75531,24097,272787,63055,88747,76486,27470,91824,92206,78822,132670,140163,272427,203566,123473,145447,101537,183399,48011,318445,127769,92643,248949,214105,78606,109582,55395,61199,43966,116316,198140,101353,49704,114206,100420,38226,101524,98198,62882,73868,106373,70235,71610,100503,92708,73822,78492,90016,67091,154185,64652,95046,143052,43863,84211,99419,82029,85149,84233,84739,82431,142657,89284,146349,158163,112495,93603,117582,124199,197593,112360,106459,153696,133749,202600,863908,849660,865250,858653,826452,808154,865525,866264,877486,873966,878111,874665,886101,843998,884681],[896924,883005,121001,147658,45671,35518,112290,22420,54012,105035,65662,78086,82801,58529,79751,85656,0,73948,74727,19365,30334,95906,37046,98497,44859,91623,278333,62603,32949,66073,82918,25815,18599,103504,127953,87663,278333,183548,82277,66267,97443,182481,91593,328579,46162,118328,252931,194299,72818,103979,100977,61611,85169,42937,170294,72234,87404,50923,130415,101466,37329,63504,103903,73023,39413,71933,63878,33405,62529,93319,80499,48856,108288,156992,99774,64001,63542,95217,91156,102426,87863,91816,89344,89327,89431,76388,136381,79811,93326,88372,99888,81261,86546,224361,95178,103857,76818,128073,136960,845578,841246,856960,850347,814298,789992,850346,847922,861885,864016,862556,863627,870496,832388,869074],[897957,881205,144327,150288,66165,94471,118002,83260,74406,44718,68094,24897,27657,57844,28757,34041,73948,0,73893,77094,85575,38962,55510,47844,64424,35435,295069,64718,87627,69601,29746,83968,79855,54610,110132,121975,294709,217217,103917,126951,78847,196865,38069,341309,109274,66805,270485,210667,72585,89876,46913,76781,32340,103271,188810,89888,26961,105136,85243,54422,94985,110750,54632,56989,99479,86538,80328,88374,81293,94291,84200,104241,56061,140232,49126,82910,124624,47795,70449,89614,67131,70149,67719,67721,67293,130932,85032,134639,146612,102222,81543,98005,104622,209026,109976,84048,135268,112885,186652,848088,831416,847246,840693,816668,792738,850047,850848,861878,856246,862503,856945,870493,833974,869073],[883084,867735,129157,114095,48695,71272,55483,73151,36409,97708,40309,70413,73329,41350,73024,58009,74727,73893,0,80616,54536,60796,52640,54810,55152,51517,262537,35821,58862,36337,68798,77136,79938,110791,123020,121806,262537,185568,97517,119721,90967,169013,75369,312668,102043,107630,237684,196393,40661,110112,94323,42511,80991,104928,176236,68580,80121,90852,118172,81102,87662,79578,101264,78651,95263,43813,49891,85773,65902,46880,54900,81280,84774,137810,85170,77665,118226,79263,87029,96932,84665,86831,86770,86916,86100,112461,106325,116453,134177,89336,98605,94994,99493,197130,81450,98282,129770,124651,190310,857335,849280,865030,858477,821285,801845,857807,859955,869804,872826,871238,872874,879878,840050,879180],[902799,887460,115983,145848,50683,41603,122154,30290,63834,101066,62992,84865,93673,67122,80201,92006,19365,77094,80616,0,42502,98886,44914,105554,40920,96819,281166,63554,44334,73329,84339,27220,21782,93295,123148,86063,281166,191399,79316,74374,102855,188474,86638,333944,55399,112599,255775,197656,80055,94652,95690,70005,85524,37038,173339,69320,92648,45809,136915,101131,35861,72685,101495,75201,38108,78378,71996,38844,60409,99498,85613,56587,111445,152969,98600,59506,64011,98157,90570,105769,94401,93607,93817,95865,95969,85695,142623,89158,100945,95005,101683,88074,94049,231094,103254,109705,77282,118482,128804,839298,835620,851330,844717,809723,783648,844359,841578,855898,858423,856906,858394,864910,828214,863488],[891931,876585,124530,143952,43491,48194,98869,31330,34783,109436,71607,84417,84315,70240,87720,86786,30334,85575,54536,42502,0,88977,44917,79179,48946,80907,271848,67576,14261,66890,88705,31848,37628,119150,133344,91845,271848,175961,85553,70805,100725,176550,89474,322104,49959,122498,246239,192495,66286,117818,108717,53525,92442,65390,170226,62033,94288,51883,125240,107331,48829,58856,113129,86641,52908,53386,52676,45635,59554,89656,87437,59225,98693,149243,98711,71281,67856,94173,97669,106211,95305,97657,97491,97569,96873,65879,118468,70553,87838,79008,108277,84434,89175,218544,75733,106307,81132,132580,152902,849613,844545,860375,853822,816653,794207,854193,852137,865732,867495,866403,867106,874343,834747,872921],[885402,868650,162021,148301,80386,94748,95956,96972,69718,45588,84642,35685,48188,79833,40601,31182,95906,38962,60796,98886,88977,0,78546,36397,86866,31994,287660,74201,94529,82434,35995,104621,101597,83607,109924,117997,287300,188164,101127,123392,77842,168418,52986,339147,105714,67586,264052,223237,90454,101378,67800,75437,57624,126169,192211,98550,51051,124148,106819,53663,115074,83150,77055,80739,121735,77715,80280,106937,94240,91873,87977,104462,66849,135794,66816,101107,120997,56556,88029,105374,84969,86601,85413,84959,85371,134934,81168,138688,136108,90383,99487,95559,101853,182410,113170,82841,131641,111364,190381,859124,844653,860723,854286,823039,803174,860696,860924,872261,869396,873017,869228,881374,840670,879954],[896359,879405,105288,133256,26583,59968,96943,44056,32629,89554,46012,62191,62123,40450,65667,67110,37046,55510,52640,44914,44917,78546,0,71118,20540,65339,258401,40582,43035,42220,63987,40224,38540,83417,108875,97690,259061,190608,65112,88146,78258,167217,66335,310987,70469,99278,231165,164690,46127,86529,77051,35775,62416,62817,142085,48740,64315,60372,103706,83949,49542,78544,81545,56019,54606,46670,38798,48619,38425,65189,63046,60443,83502,134642,75891,41674,87619,71740,68466,81966,65384,69246,68184,68778,67132,88515,111641,92822,111581,69491,79374,64536,69417,209647,70626,87260,100063,111134,155167,840178,835726,851556,845003,808758,784828,845182,842938,857141,859272,858172,859243,866412,828168,865350],[887298,867780,145273,156055,71872,97292,101224,95967,61196,60505,83417,44874,33741,71932,50137,37194,98497,47844,54810,105554,79179,36397,71118,0,72660,22186,273047,74452,81987,64870,38816,98733,98387,86248,122107,122244,272821,198128,104973,127300,89594,178395,46579,322417,109622,81213,248181,203274,65557,111449,66241,64732,50364,123563,184409,89994,47979,111560,79150,56820,107246,99636,63087,71740,115120,66648,67965,104833,83777,74316,76111,103262,50200,133429,57977,95963,124905,53741,82850,94378,80606,81374,81970,81892,80768,119840,70616,123532,140781,93995,94888,100228,105699,195446,88035,95056,135549,123196,194289,857325,840995,857065,850628,821606,801431,858619,859181,870154,866069,870779,866768,878769,838376,877349],[905029,888075,92113,118633,23173,68655,99983,55179,37499,80767,36202,70641,67910,51511,73959,75531,44859,64424,55152,40920,48946,86866,20540,72660,0,66759,264187,51106,46592,49165,72912,38793,39128,77326,100092,88991,264847,201076,55835,94961,85197,177451,54819,317103,77284,89728,238033,174437,48207,78444,67502,39419,60686,56914,154092,32571,71543,46451,105248,92876,48001,87574,72996,63579,48736,49865,42810,55829,29048,73243,72651,76456,82124,119303,68307,30335,85278,78272,66609,81227,71625,70871,72513,75175,73373,91703,113086,94725,119644,77554,80659,71351,76232,220525,73607,95398,97727,101781,147068,831508,828212,844042,837489,802978,776158,837090,834268,849049,851758,850080,851729,858320,822388,857258],[886814,865950,151891,158263,72187,89717,99826,89067,62753,69406,79867,34997,39629,75525,40549,24097,91623,35435,51517,96819,80907,31994,65339,22186,66759,0,272246,62221,76690,70664,25720,88579,90297,75132,127247,135156,272834,205758,118161,140426,95115,186012,35919,317838,122748,84885,249177,207922,69100,107477,51395,54203,38792,115668,193193,87186,38224,102885,85523,46702,97941,99631,62513,72211,106041,61636,62285,96353,81273,75241,78771,93037,51987,140368,46769,89616,138031,41967,78914,91274,76634,78334,77998,77874,76796,131972,73778,135664,153142,107183,90916,113562,118355,200257,98558,100164,148675,128962,201979,856273,841285,857115,850562,820650,800893,858202,859003,870103,865995,870728,866694,878718,838076,877298],[766472,747915,285431,356686,268666,262046,240569,273644,257566,310477,291254,292247,288662,274165,284251,272787,278333,295069,262537,281166,271848,287660,258401,273047,264187,272246,0,262604,267203,265646,278812,276626,277873,303353,335990,316603,13412,160079,292201,270941,274754,136398,296358,122345,288919,318030,58340,195731,264741,282344,310026,244372,293138,292222,231270,279359,296714,292932,291729,272633,283339,274252,301858,275174,290042,250597,254720,282774,275418,259983,265656,266521,302276,318468,301782,281943,301952,288965,284922,267120,283522,287118,286418,286076,287260,283591,302822,287059,286724,278669,291662,283456,279103,176123,265684,305575,310256,298469,334324,817935,804795,817290,809040,762990,753585,809010,806310,808785,806505,799560,796410,798900,749400,787410],[892181,871080,121989,128827,56101,67595,81432,56496,49823,98362,41217,60744,75544,31472,53906,63055,62603,64718,35821,63554,67576,74201,40582,74452,51106,62221,262604,0,60850,27776,51700,64101,62517,84460,117426,116327,261936,192752,91558,114225,85958,176444,73616,314747,96547,103206,236556,184709,36304,86654,82132,48305,67841,77676,165672,73471,68456,86055,118838,68805,72241,88048,89317,55519,77736,59282,52630,71149,64741,50201,37627,71321,91837,144122,84274,66662,112730,63907,76243,87869,72943,76783,74188,74326,74378,115195,113248,119187,128681,83377,85723,88335,94084,205495,86487,93220,124274,111574,167426,847417,839744,855574,849020,813582,791767,847634,849697,859823,863130,860791,863098,869317,832284,868634],[894616,872085,127352,147762,45517,49082,101955,32436,39251,115024,71847,85084,87047,72323,88526,88747,32949,87627,58862,44334,14261,94529,43035,81987,46592,76690,267203,60850,0,57767,81041,27027,30703,112021,129357,91222,265105,175260,82482,68764,97596,173239,82399,314653,49560,118893,239253,185812,59902,111689,101751,45794,85201,58299,165319,56880,87176,44778,119458,100585,42090,53913,107257,80474,47289,47351,45402,37330,54469,82341,80962,53406,94700,144678,91603,63638,67457,87096,91540,99278,89176,91528,91362,91440,90744,63676,114455,68350,86903,76605,102148,81363,85036,216137,71102,103528,80733,128911,151601,844505,839437,855267,848714,811545,789155,849201,847265,861160,862983,861895,862598,869835,830239,868413],[896658,874125,117772,118454,49693,81705,82987,70220,52791,87225,35616,70664,59372,21993,75069,76486,66073,69601,36337,73329,66890,82434,42220,64870,49165,70664,265646,27776,57767,0,68184,63985,62305,96714,106719,97730,263186,185837,74120,95532,73738,167042,70951,315471,77854,94479,237258,178568,18504,90023,84531,53617,70583,88100,157397,67183,66999,81419,100264,89252,75644,89975,78897,51758,80939,60445,54092,68696,58971,43027,41610,84967,84828,129005,79616,61300,94037,74348,67850,82916,64546,66712,66681,66827,65981,94742,105009,98734,112936,70455,79440,70897,76646,202122,72004,83085,105581,108842,163733,843447,835425,851255,844701,810927,787797,842177,845727,854548,858963,855847,858936,864487,829017,863789],[891365,867735,151120,166422,77174,83442,114516,79248,71109,61220,80842,25914,43994,68899,22548,27470,82918,29746,68798,84339,88705,35995,63987,38816,72912,25720,278812,51700,81041,68184,0,85094,80684,54669,119559,127344,276634,205537,109886,132390,87528,185790,43864,325740,114712,77466,253386,204956,72713,91531,50008,64401,38443,100049,186705,95108,35661,107835,94656,30661,93084,98834,56590,55057,98891,74512,67543,89114,84843,80772,66799,85517,62316,147566,56188,86040,129995,37504,76668,90308,73368,76488,74052,73958,73770,134690,84949,138382,145106,98908,86068,103995,110612,199198,104323,92508,140639,115940,185423,851046,836414,852198,845645,816470,795530,853070,853640,865151,860718,865776,861417,873766,834256,872346],[904453,880455,119465,148749,44564,51105,120107,34446,58189,107938,66772,87863,86237,70087,91740,91824,25815,83968,77136,27220,31848,104621,40224,98733,38793,88579,276626,64101,27027,63985,85094,0,15112,97155,121752,82004,273061,183310,75138,68500,96656,182615,76269,321762,48317,110970,247657,189274,64585,97040,85168,52095,73933,41828,167865,54812,84077,35484,123829,102069,25431,64293,91344,71417,28212,64721,55799,33716,48394,87352,83661,54238,97919,144278,85569,53176,58124,86718,78736,95503,83498,82704,84194,86722,85066,70583,128695,74046,94311,88571,89770,81516,86715,225801,88131,102530,71395,120691,132103,835536,831704,847534,840981,805666,780186,840794,838120,852333,854714,853004,854325,860944,823820,859522],[903193,879195,124029,153379,47826,47521,120712,33638,61269,107119,66134,84834,88300,67091,88030,92206,18599,79855,79938,21782,37628,101597,38540,98387,39128,90297,277873,62517,30703,62305,80684,15112,0,95258,119544,79496,274308,180767,73134,62468,93956,179300,80385,323701,43137,109285,248917,189276,66630,96328,89455,56495,74840,37326,165729,61764,81100,37943,123115,98092,30281,62860,94104,69796,32788,66358,58204,24381,52656,86484,77555,47632,99643,147523,89017,51091,55498,89515,81009,96021,82508,81558,81915,83972,84076,70839,129928,74302,89763,84241,90002,77228,82315,221664,89284,101729,68779,119772,130195,836139,832079,847789,841176,805609,780489,841009,838419,852548,854898,853572,854869,861812,824472,860574],[918807,891015,137064,156308,93198,120211,154283,107432,107671,66420,87839,62384,73756,94383,52840,78822,103504,54610,110791,93295,119150,83607,83417,86248,77326,75132,303353,84460,112021,96714,54669,97155,95258,0,105057,111074,296513,230895,91990,145822,104445,211149,54854,349736,128145,72994,272602,211562,94278,72513,41586,97456,52145,80595,191045,80615,57175,95064,105797,64121,100236,131200,53860,73805,95315,108346,100081,107885,88590,113641,102121,115787,83772,134036,68208,80860,135461,72512,88158,107344,91976,90268,90640,92688,92378,150984,118111,153492,166937,122790,99848,117376,123993,226351,129675,110155,146110,109512,161527,825313,808360,824084,817520,799273,769716,827555,827826,839514,831832,840561,832735,848551,817702,847131],[952581,924285,137647,74542,108654,150836,154550,139691,118664,91200,103704,122526,115754,112389,124980,132670,127953,110132,123020,123148,133344,109924,108875,122107,100092,127247,335990,117426,129357,106719,119559,121752,119544,105057,0,80782,327350,231906,56982,132919,73175,208406,99140,382439,115304,67068,302330,239939,111032,76280,92471,119292,109116,111503,207765,87964,107800,113590,150906,133572,124344,127757,102861,93511,120348,121642,119920,128548,100820,132872,123846,147561,114647,57902,116377,98741,123486,126743,89385,114973,93455,90441,91869,93573,94757,147713,133621,150540,155642,112149,104453,106612,113229,219320,134267,84337,135035,96946,153199,789640,778576,794526,788031,772652,734326,791471,791920,803426,802886,804243,803221,812533,790521,811473],[929436,901140,113458,123824,97017,111599,149300,103106,107008,96545,104438,131430,117325,105149,132213,140163,87663,121975,121806,86063,91845,117997,97690,122244,88991,135156,316603,116327,91222,97730,127344,82004,79496,111074,80782,0,307963,178215,36178,70588,94681,186593,110886,363052,43581,94028,282943,220552,101054,95054,104605,107951,118471,70813,188378,76287,119672,74806,148997,139279,88555,89419,107729,95658,81199,109855,106789,88457,90243,123720,114882,111902,129637,104979,126070,87980,51301,134580,108274,125702,112104,109822,110998,112814,113406,83998,150558,86929,95043,90452,122718,87743,92610,223095,119962,105360,62840,115375,85239,811297,810273,825489,819006,787817,755647,817343,813577,828890,832193,830020,832284,837562,807010,836135],[777272,747915,285431,356686,269026,262046,240569,273644,257926,309757,291254,291887,287942,273805,283891,272427,278333,294709,262537,281166,271848,287300,259061,272821,264847,272834,13412,261936,265105,263186,276634,273061,274308,296513,327350,307963,0,160079,283201,262301,266114,136398,287718,120899,280279,309750,45904,185545,255741,273704,301386,235732,284498,283582,221910,270719,288074,284292,283089,263993,274699,265612,292858,266174,281402,241957,246080,274134,266778,250983,256656,257881,293996,309828,293142,273303,293312,280325,276282,258480,274882,278478,277778,277436,278620,274951,294542,278419,278084,269669,283022,274456,270103,176123,256684,296935,301616,289829,325684,817935,804795,817290,809040,762990,753585,809010,806310,808785,806505,799560,796410,798900,749400,787410],[767040,738735,260022,264709,197242,170299,164406,187778,187522,211652,211253,217577,214297,194635,216954,203566,183548,217217,185568,191399,175961,188164,190608,198128,201076,205758,160079,192752,175260,185837,205537,183310,180767,230895,231906,178215,160079,0,187864,170250,196578,25265,217679,200644,143360,210026,204179,275932,187609,220250,232601,173511,218793,202459,246431,201268,212905,201554,233209,200827,196212,147134,227680,197866,198665,175984,181589,181765,198264,181212,186965,175294,223605,255760,227478,205486,162025,217030,213870,226378,210930,213042,211536,211074,212258,184804,232248,189628,189383,180402,224418,186281,191148,68709,206005,203315,175301,228983,247071,808755,795615,808110,799860,753810,744405,799830,797130,799605,797325,790380,787230,789720,740220,778230],[928338,901140,84162,99170,64213,106045,128426,95241,74935,78099,78543,113904,100739,80081,114891,123473,82277,103917,97517,79316,85553,101127,65112,104973,55835,118161,292201,91558,82482,74120,109886,75138,73134,91990,56982,36178,283201,187864,0,78519,77217,165475,92404,343800,60230,76312,255301,192129,75502,73115,85142,76043,99542,64912,156216,42483,101077,66402,130026,121616,80115,83010,87770,78798,74268,78403,75128,82246,57458,99240,89965,103952,110310,84986,106769,55089,69162,115683,88813,106421,93013,90565,91939,93637,94761,94043,132052,97127,104293,63630,102781,57689,61348,214706,89100,88456,81611,95742,101200,805874,804910,820246,813823,782634,750524,812280,808634,824247,827610,825737,828061,833579,803147,832512],[902054,873750,133037,175169,92788,91037,146024,81456,97532,121465,117227,136698,122413,103121,137621,145447,66267,126951,119721,74374,70805,123392,88146,127300,94961,140426,270941,114225,68764,95532,132390,68500,62468,145822,132919,70588,262301,170250,78519,0,91034,177365,127752,317354,27681,123794,237281,179458,98912,125017,142967,98467,128123,84208,160140,96662,124254,84273,142247,143493,78195,70497,135229,100670,81937,100371,97305,67133,93247,120935,112022,91398,135551,135632,137080,99278,46508,137956,119263,120128,115996,118435,116988,116500,117564,67262,151654,71497,50701,83004,129871,78097,82880,227493,110436,109958,59784,133751,131554,836874,832448,848158,841545,805387,781224,841561,839154,853100,855214,853771,854825,861711,823477,860289],[902040,873750,156363,139744,82269,119790,122374,108669,86551,80229,88551,90033,83751,80083,92692,101537,97443,78847,90967,102855,100725,77842,78258,89594,85197,95115,274754,85958,97596,73738,87528,96656,93956,104445,73175,94681,266114,196578,77217,91034,0,175790,80910,317177,81483,60353,241094,178329,78296,73753,96294,88148,82678,113557,159346,85818,75392,111489,118093,101887,104420,96868,96965,59141,109563,90136,88196,97225,82547,100863,92308,117250,85855,109412,91876,88939,98610,95109,65696,85883,62189,64256,62779,62307,63491,113992,101937,116725,121992,79539,78268,73837,80454,187636,101657,50274,110154,81894,170694,836871,825664,841614,835119,805384,781221,838452,839151,850407,849974,851392,850309,859682,823474,858622],[765978,738525,245957,250642,174224,169650,149753,186274,164428,191501,194210,197831,194132,178307,197087,183399,182481,196865,169013,188474,176550,168418,167217,178395,177451,186012,136398,176444,173239,167042,185790,182615,179300,211149,208406,186593,136398,25265,165475,177365,175790,0,197332,182037,159501,190266,180498,252251,171221,200572,212747,150375,198819,198607,222851,178374,193291,197901,213060,181212,190758,149649,207787,178567,195827,153212,159039,180347,175487,165972,170695,171296,204157,236747,208465,182594,177185,197776,194857,207365,192037,194149,192703,192301,193545,191722,213821,196076,194741,160734,206305,165521,170402,52436,184027,187002,189629,210870,251969,808545,795405,807900,799650,753600,744195,799620,796920,799395,797115,790170,787020,789510,740010,778020],[909481,880245,141165,146372,64718,113995,123684,97352,76970,52003,63842,43347,35530,79047,51359,48011,91593,38069,75369,86638,89474,52986,66335,46579,54819,35919,296358,73616,82399,70951,43864,76269,80385,54854,99140,110886,287718,217679,92404,127752,80910,197332,0,333099,110137,56995,264678,205768,66094,83924,28547,68606,23220,94651,187953,64311,29064,81999,71306,62272,77986,111789,35169,62116,84540,75525,71516,89348,56494,89224,89193,107561,36035,116052,25697,64292,117809,43011,60293,79196,65289,61229,64633,66575,65451,122938,70219,125446,149285,104895,74743,100652,106341,211843,98791,86876,128458,103072,180839,833232,817516,833586,827149,803712,777282,835242,835032,846927,841284,847958,841531,856204,822064,854784],[685457,656100,338968,410995,322585,314079,295661,325890,311889,366623,341045,338047,336281,325796,336282,318445,328579,341309,312668,333944,322104,339147,310987,322417,317103,317838,122345,314747,314653,315471,325740,321762,323701,349736,382439,363052,120899,200644,343800,317354,317177,182037,333099,0,335368,358718,164045,264096,306632,338080,346048,287770,329574,337601,295121,325427,334070,332999,324980,316907,324293,320712,340860,320637,330955,295661,298592,323734,320352,302085,310169,309367,338234,362163,338432,326608,348401,326268,331346,308864,329946,333482,332782,332500,333564,325886,339986,329552,332403,330741,338734,335666,330661,216695,313164,352024,356705,360400,390739,726120,712980,725475,717225,671175,661770,717195,714495,716970,714690,707745,704595,707085,657585,695595],[901741,873750,141990,155678,75111,69963,130012,61178,79854,103788,99550,119020,104736,85443,119943,127769,46162,109274,102043,55399,49959,105714,70469,109622,77284,122748,288919,96547,49560,77854,114712,48317,43137,128145,115304,43581,280279,143360,60230,27681,81483,159501,110137,335368,0,106179,255259,197486,80754,106860,124991,80490,110229,63706,161566,78768,106360,64241,135715,125598,58857,48612,117335,82638,61745,82476,79410,47596,75353,103040,94127,71323,117657,142634,119186,81384,19222,120061,101369,113756,98102,100541,99094,98606,99670,43160,135951,46679,55398,65109,111977,60203,65070,207794,92627,90016,32498,115857,104268,836875,832449,848159,841546,805388,781225,841562,839155,853101,855215,853772,854826,861712,823478,860290],[915075,886785,153312,135032,97524,140719,139103,128595,107965,48179,90469,80481,75055,99078,84957,92643,118328,66805,107630,112599,122498,67586,99278,81213,89728,84885,318030,103206,118893,94479,77466,110970,109285,72994,67068,94028,309750,210026,76312,123794,60353,190266,56995,358718,106179,0,287610,230618,97504,63650,59536,107039,67625,110900,198510,81899,62331,109721,115199,93625,113964,115676,61649,76854,111808,109821,109070,118188,90293,117695,109766,136971,64604,99370,73698,89097,114678,86964,71734,97478,76034,72214,73678,75200,76616,138551,76213,141421,144699,102664,86488,97493,104110,193915,124558,67933,126227,81099,171698,829220,809320,825390,818953,801880,773270,830423,831020,841958,834394,842583,835093,850573,818650,849153],[821372,790215,257231,331306,243218,236656,215189,248664,230538,285723,265643,268050,263645,247181,260045,248949,252931,270485,237684,255775,246239,264052,231165,248181,238033,249177,58340,236556,239253,237258,253386,247657,248917,272602,302330,282943,45904,204179,255301,237281,241094,180498,264678,164045,255259,287610,0,147205,227793,246884,276214,207482,258776,256752,187528,242105,262693,257461,256269,239393,248171,239320,266604,238093,254401,212983,217166,247303,238504,223233,228247,231051,270056,283008,267985,244895,266492,254929,250087,232165,248447,252283,251643,251361,252425,248131,270602,251599,251264,239969,256887,244756,240403,218423,228355,270115,274796,263009,298864,860235,847095,859590,851340,805290,795885,851310,848610,851085,848805,841860,838710,841200,791700,829710],[902150,870300,187097,270855,179670,204305,215902,194020,178064,227299,203939,213680,204021,185737,207051,214105,194299,210667,196393,197656,192495,223237,164690,203274,174437,207922,195731,184709,185812,178568,204956,189274,189276,211562,239939,220552,185545,275932,192129,179458,178329,252251,205768,264096,197486,230618,147205,0,167204,180819,215810,165984,198066,196155,105477,178239,202215,197188,196169,204849,189681,206355,207775,175992,195659,173359,169723,187141,175355,183576,181729,189700,211315,220516,208352,181076,208216,202918,181793,169761,179913,184121,183383,183221,183531,186639,217214,189907,197251,180629,188427,181025,176672,285575,175390,207601,216464,200495,246215,849892,845006,860276,853399,791295,793042,853061,850276,862920,864684,862519,862871,868859,814665,866013],[899882,868725,115999,122909,53531,87173,88573,73825,54897,95196,47609,74070,65570,27442,78724,78606,72818,72585,40661,80055,66286,90454,46127,65557,48207,69100,264741,36304,59902,18504,72713,64585,66630,94278,111032,101054,255741,187609,75502,98912,78296,171221,66094,306632,80754,97504,227793,167204,0,84455,76432,40240,60064,83099,151339,57667,64882,73291,90233,82675,68690,88400,70886,45792,75005,51588,45313,65932,53155,36561,36028,80433,76337,120735,70206,59830,94105,66758,62818,71608,60454,64298,63103,63785,61889,89338,95698,93330,112986,69095,73731,69973,75196,201575,64523,82686,105649,108489,158953,838092,830023,845853,839299,805576,782442,836728,840372,849099,853561,850398,853534,859038,823666,858340],[919850,886575,122915,137588,91694,123240,147526,109617,105272,81704,88426,99076,100156,90205,90562,109582,103979,89876,110112,94652,117818,101378,86529,111449,78444,107477,282344,86654,111689,90023,91531,97040,96328,72513,76280,95054,273704,220250,73115,125017,73753,200572,83924,338080,106860,63650,246884,180819,84455,0,73594,92105,81331,80141,158448,72131,84487,89587,129569,92391,92973,112472,73410,58246,89090,99869,93623,101179,79169,104206,90369,113840,96330,98877,89520,72828,107705,93374,51826,75136,56376,55594,55928,57376,59728,130660,116810,132163,137285,94161,64903,88519,95136,202400,111106,67417,116874,53705,134314,821354,810301,826251,819756,794722,765704,823012,823634,834967,834611,835952,834946,844242,812812,843182],[923081,889395,132490,143648,81698,122818,142073,106736,96248,58417,76023,51579,51742,87806,58395,55395,100977,46913,94323,95690,108717,67800,77051,66241,67502,51395,310026,82132,101751,84531,50008,85168,89455,41586,92471,104605,301386,232601,85142,142967,96294,212747,28547,346048,124991,59536,276214,215810,76432,73594,0,78188,26260,79701,197181,61996,35248,78066,88721,63792,83824,121382,27281,65106,81587,90132,83913,96242,69863,95774,93671,112217,50707,107974,42931,66202,127527,41585,66799,87730,71489,69847,71673,74505,71831,136260,85591,138768,159003,114613,78743,109506,116059,221423,113252,96456,138176,109300,163831,820712,801744,817574,811021,795622,765362,822720,823472,834524,826454,835246,827153,843236,813048,841816],[887684,855750,124073,149592,42987,53292,86323,58089,36808,107870,70946,74584,79086,62101,76248,61199,61611,76781,42511,70005,53525,75437,35775,64732,39419,54203,244372,48305,45794,53617,64401,52095,56495,97456,119292,107951,235732,173511,76043,98467,88148,150375,68606,287770,80490,107039,207482,165984,40240,92105,78188,0,63239,69492,146179,45477,66542,61050,103875,61004,53685,51890,83286,60035,61242,16289,17372,53999,37995,43980,49228,44872,80749,131886,72520,49698,92445,62781,72190,80426,69946,73790,72676,73294,71694,88526,100622,92818,109236,65573,83098,70360,75241,188149,61049,91709,104889,115122,159993,845826,839420,855250,848697,809535,790476,849853,848586,861812,862966,862843,862937,871083,828945,870021],[907512,872895,144970,156777,66150,106604,126647,92201,81096,63460,72071,38998,42041,74441,43958,43966,85169,32340,80991,85524,92442,57624,62416,50364,60686,38792,293138,67841,85201,70583,38443,73933,74840,52145,109116,118471,284498,218793,99542,128123,82678,198819,23220,329574,110229,67625,258776,198066,60064,81331,26260,63239,0,86980,178721,67845,18329,83236,68446,46742,72829,106086,33412,48487,78575,71447,65407,80112,60522,79262,76298,94103,35351,121696,27564,64931,114273,27961,53721,70602,56319,54386,56503,59083,56721,118325,70760,120833,142374,97984,63092,93249,99430,206760,95172,81094,124922,104131,174270,834496,816052,832122,825685,803726,778546,835720,836296,847255,841126,847880,841825,855870,820496,854450],[921465,887475,113702,149355,72858,62686,144595,49449,87316,116685,82685,108383,114106,89586,101276,116316,42937,103271,104928,37038,65390,126169,62817,123563,56914,115668,292222,77676,58299,88100,100049,41828,37326,80595,111503,70813,283582,202459,64912,84208,113557,198607,94651,337601,63706,110900,256752,196155,83099,80141,79701,69492,86980,0,169902,50617,94543,28793,137308,100288,32650,73237,88110,77511,27821,78748,71085,42842,57552,101466,85139,52441,114101,133411,100415,5